9.997917422277560195e-01 2.040764986930593272e-02 0.000000000000000000e+00 -8.000011433798485783e+00 -2.040764986930593272e-02 9.997917422277560195e-01 0.000000000000000000e+00 4.999988754816948600e+00 0.000000000000000000e+00 0.000000000000000000e+00 1.000000000000000000e+00 0.000000000000000000e+00
9.998800711387302309e-01 -1.548687636703213744e-02 0.000000000000000000e+00 -8.029133267112374739e+00 1.548687636703213744e-02 9.998800711387302309e-01 0.000000000000000000e+00 4.603242330729411691e+00 0.000000000000000000e+00 0.000000000000000000e+00 1.000000000000000000e+00 0.000000000000000000e+00
9.981557549385285943e-01 -6.070493293873353152e-02 0.000000000000000000e+00 -8.042103130333019934e+00 6.070493293873353152e-02 9.981557549385285943e-01 0.000000000000000000e+00 4.206255878706536500e+00 0.000000000000000000e+00 0.000000000000000000e+00 1.000000000000000000e+00 0.000000000000000000e+00
9.902484427604870687e-01 -1.393126756990559767e-01 0.000000000000000000e+00 -7.996725091712875155e+00 1.393126756990559767e-01 9.902484427604870687e-01 0.000000000000000000e+00 3.860159146078576242e+00 0.000000000000000000e+00 0.000000000000000000e+00 1.000000000000000000e+00 0.000000000000000000e+00
9.785461560162392880e-01 -2.060277179066978825e-01 0.000000000000000000e+00 -7.915882997222036366e+00 2.060277179066978825e-01 9.785461560162392880e-01 0.000000000000000000e+00 3.517035959308812743e+00 0.000000000000000000e+00 0.000000000000000000e+00 1.000000000000000000e+00 0.000000000000000000e+00
9.430971403251450225e-01 -3.325173437740259752e-01 0.000000000000000000e+00 -7.805841248693472068e+00 3.325173437740259752e-01 9.430971403251450225e-01 0.000000000000000000e+00 3.024163088008699152e+00 0.000000000000000000e+00 0.000000000000000000e+00 1.000000000000000000e+00 0.000000000000000000e+00
9.629974339363043256e-01 -2.695105605205355137e-01 0.000000000000000000e+00 -7.461990705105246313e+00 2.695105605205355137e-01 9.629974339363043256e-01 0.000000000000000000e+00 2.561017609848035725e+00 0.000000000000000000e+00 0.000000000000000000e+00 1.000000000000000000e+00 0.000000000000000000e+00
9.672623469789650708e-01 -2.537785493629122757e-01 0.000000000000000000e+00 -7.315111850956002471e+00 2.537785493629122757e-01 9.672623469789650708e-01 0.000000000000000000e+00 2.104370605159640917e+00 0.000000000000000000e+00 0.000000000000000000e+00 1.000000000000000000e+00 0.000000000000000000e+00
9.270622877367943326e-01 -3.749073414274800564e-01 0.000000000000000000e+00 -7.161668229175373490e+00 3.749073414274800564e-01 9.270622877367943326e-01 0.000000000000000000e+00 1.704240709438504364e+00 0.000000000000000000e+00 0.000000000000000000e+00 1.000000000000000000e+00 0.000000000000000000e+00
8.966214040532523022e-01 -4.427979875672137799e-01 0.000000000000000000e+00 -6.992680328619170993e+00 4.427979875672137799e-01 8.966214040532523022e-01 0.000000000000000000e+00 1.237794094713944304e+00 0.000000000000000000e+00 0.000000000000000000e+00 1.000000000000000000e+00 0.000000000000000000e+00
8.872133874393568487e-01 -4.613593015734934744e-01 0.000000000000000000e+00 -6.680905005389782048e+00 4.613593015734934744e-01 8.872133874393568487e-01 0.000000000000000000e+00 8.871544039962430128e-01 0.000000000000000000e+00 0.000000000000000000e+00 1.000000000000000000e+00 0.000000000000000000e+00
9.546090765380584875e-01 -2.978615634672509560e-01 0.000000000000000000e+00 -6.558219415629512383e+00 2.978615634672509560e-01 9.546090765380584875e-01 0.000000000000000000e+00 4.923661236215944315e-01 0.000000000000000000e+00 0.000000000000000000e+00 1.000000000000000000e+00 0.000000000000000000e+00
9.525610423576307273e-01 -3.043475982861439944e-01 0.000000000000000000e+00 -6.343221195683076630e+00 3.043475982861439944e-01 9.525610423576307273e-01 0.000000000000000000e+00 9.526588970880425777e-02 0.000000000000000000e+00 0.000000000000000000e+00 1.000000000000000000e+00 0.000000000000000000e+00
9.367288023576189060e-01 -3.500559252943177269e-01 0.000000000000000000e+00 -6.316586749872286077e+00 3.500559252943177269e-01 9.367288023576189060e-01 0.000000000000000000e+00 -5.218935139182439009e-01 0.000000000000000000e+00 0.000000000000000000e+00 1.000000000000000000e+00 0.000000000000000000e+00
8.542630898786743865e-01 -5.198409115017207371e-01 0.000000000000000000e+00 -6.053610417598467741e+00 5.198409115017207371e-01 8.542630898786743865e-01 0.000000000000000000e+00 -7.926348892130961055e-01 0.000000000000000000e+00 0.000000000000000000e+00 1.000000000000000000e+00 0.000000000000000000e+00
8.528568955596254053e-01 -5.221447267725666253e-01 0.000000000000000000e+00 -5.804186379267331830e+00 5.221447267725666253e-01 8.528568955596254053e-01 0.000000000000000000e+00 -1.233980939820559897e+00 0.000000000000000000e+00 0.000000000000000000e+00 1.000000000000000000e+00 0.000000000000000000e+00
7.861082069402307582e-01 -6.180888989305788339e-01 0.000000000000000000e+00 -5.732421218276487984e+00 6.180888989305788339e-01 7.861082069402307582e-01 0.000000000000000000e+00 -1.524050994529246861e+00 0.000000000000000000e+00 0.000000000000000000e+00 1.000000000000000000e+00 0.000000000000000000e+00
7.622091387563244558e-01 -6.473308495632987825e-01 0.000000000000000000e+00 -5.271906822007399462e+00 6.473308495632987825e-01 7.622091387563244558e-01 0.000000000000000000e+00 -1.950619318346988207e+00 0.000000000000000000e+00 0.000000000000000000e+00 1.000000000000000000e+00 0.000000000000000000e+00
8.007921697830399088e-01 -5.989423184365678665e-01 0.000000000000000000e+00 -5.077754700436218016e+00 5.989423184365678665e-01 8.007921697830399088e-01 0.000000000000000000e+00 -2.387239650231243626e+00 0.000000000000000000e+00 0.000000000000000000e+00 1.000000000000000000e+00 0.000000000000000000e+00
7.847857746684619995e-01 -6.197671239086677275e-01 0.000000000000000000e+00 -4.741429973793837682e+00 6.197671239086677275e-01 7.847857746684619995e-01 0.000000000000000000e+00 -2.533365417048201618e+00 0.000000000000000000e+00 0.000000000000000000e+00 1.000000000000000000e+00 0.000000000000000000e+00
6.829778805255656282e-01 -7.304390561250173608e-01 0.000000000000000000e+00 -4.869011187490167814e+00 7.304390561250173608e-01 6.829778805255656282e-01 0.000000000000000000e+00 -2.610878912539023489e+00 0.000000000000000000e+00 0.000000000000000000e+00 1.000000000000000000e+00 0.000000000000000000e+00
5.892766978976972103e-01 -8.079312924468181611e-01 0.000000000000000000e+00 -4.601997317227693785e+00 8.079312924468181611e-01 5.892766978976972103e-01 0.000000000000000000e+00 -2.725896757564659545e+00 0.000000000000000000e+00 0.000000000000000000e+00 1.000000000000000000e+00 0.000000000000000000e+00
4.735985051407543001e-01 -8.807408562843233035e-01 0.000000000000000000e+00 -4.151551927702509914e+00 8.807408562843233035e-01 4.735985051407543001e-01 0.000000000000000000e+00 -2.931756203395766036e+00 0.000000000000000000e+00 0.000000000000000000e+00 1.000000000000000000e+00 0.000000000000000000e+00
2.614561393124594235e-01 -9.652153579465174715e-01 0.000000000000000000e+00 -3.722606856643389417e+00 9.652153579465174715e-01 2.614561393124594235e-01 0.000000000000000000e+00 -3.004308235950187367e+00 0.000000000000000000e+00 0.000000000000000000e+00 1.000000000000000000e+00 0.000000000000000000e+00
9.039369403213130816e-02 -9.959061100722423898e-01 0.000000000000000000e+00 -3.279134591810295873e+00 9.959061100722423898e-01 9.039369403213130816e-02 0.000000000000000000e+00 -3.093104085593923358e+00 0.000000000000000000e+00 0.000000000000000000e+00 1.000000000000000000e+00 0.000000000000000000e+00
-5.880005716855327136e-02 -9.982697798075301776e-01 0.000000000000000000e+00 -2.914797915939987938e+00 9.982697798075301776e-01 -5.880005716855327136e-02 0.000000000000000000e+00 -3.029969546323680873e+00 0.000000000000000000e+00 0.000000000000000000e+00 1.000000000000000000e+00 0.000000000000000000e+00
-2.323765570767915012e-01 -9.726258971059410507e-01 0.000000000000000000e+00 -2.665490304812914601e+00 9.726258971059410507e-01 -2.323765570767915012e-01 0.000000000000000000e+00 -2.865884929073435838e+00 0.000000000000000000e+00 0.000000000000000000e+00 1.000000000000000000e+00 0.000000000000000000e+00
-3.423965220644719087e-01 -9.395555447540893113e-01 0.000000000000000000e+00 -2.439750992132063701e+00 9.395555447540893113e-01 -3.423965220644719087e-01 0.000000000000000000e+00 -2.718172695331632305e+00 0.000000000000000000e+00 0.000000000000000000e+00 1.000000000000000000e+00 0.000000000000000000e+00
-5.471329494765498902e-01 -8.370457189407822796e-01 0.000000000000000000e+00 -2.083206146693796335e+00 8.370457189407822796e-01 -5.471329494765498902e-01 0.000000000000000000e+00 -2.463143743392452123e+00 0.000000000000000000e+00 0.000000000000000000e+00 1.000000000000000000e+00 0.000000000000000000e+00
-7.001884472452988284e-01 -7.139580788423206537e-01 0.000000000000000000e+00 -1.634574212797009540e+00 7.139580788423206537e-01 -7.001884472452988284e-01 0.000000000000000000e+00 -2.187268317762149028e+00 0.000000000000000000e+00 0.000000000000000000e+00 1.000000000000000000e+00 0.000000000000000000e+00
7.576281222374784408e-01 6.526864702097879833e-01 0.000000000000000000e+00 -1.401548167613102525e+00 -6.526864702097879833e-01 7.576281222374784408e-01 0.000000000000000000e+00 -1.926426366899625986e+00 0.000000000000000000e+00 0.000000000000000000e+00 1.000000000000000000e+00 0.000000000000000000e+00
8.188092656126938484e-01 5.740656639678086703e-01 0.000000000000000000e+00 -1.128054054549673335e+00 -5.740656639678086703e-01 8.188092656126938484e-01 0.000000000000000000e+00 -1.472467416452248656e+00 0.000000000000000000e+00 0.000000000000000000e+00 1.000000000000000000e+00 0.000000000000000000e+00
8.484547750523219189e-01 5.292678855654419090e-01 0.000000000000000000e+00 -9.305604320633937832e-01 -5.292678855654419090e-01 8.484547750523219189e-01 0.000000000000000000e+00 -1.121112622368269696e+00 0.000000000000000000e+00 0.000000000000000000e+00 1.000000000000000000e+00 0.000000000000000000e+00
9.503908093471884477e-01 3.110583699378561828e-01 0.000000000000000000e+00 -7.222646231494640467e-01 -3.110583699378561828e-01 9.503908093471884477e-01 0.000000000000000000e+00 -9.334775525979894795e-01 0.000000000000000000e+00 0.000000000000000000e+00 1.000000000000000000e+00 0.000000000000000000e+00
9.944739119511127878e-01 1.049839913922615414e-01 0.000000000000000000e+00 -7.918735901455629111e-01 -1.049839913922615414e-01 9.944739119511127878e-01 0.000000000000000000e+00 -4.368774549111913430e-01 0.000000000000000000e+00 0.000000000000000000e+00 1.000000000000000000e+00 0.000000000000000000e+00
9.990707133266406581e-01 -4.310115744382454761e-02 0.000000000000000000e+00 -7.888409914414943325e-01 4.310115744382454761e-02 9.990707133266406581e-01 0.000000000000000000e+00 6.340802789007415896e-02 0.000000000000000000e+00 0.000000000000000000e+00 1.000000000000000000e+00 0.000000000000000000e+00
9.781355204689031746e-01 -2.079685158792739519e-01 0.000000000000000000e+00 -9.349507886308460192e-01 2.079685158792739519e-01 9.781355204689031746e-01 0.000000000000000000e+00 4.304622254283811955e-01 0.000000000000000000e+00 0.000000000000000000e+00 1.000000000000000000e+00 0.000000000000000000e+00
9.311016779815836086e-01 -3.647597363469266551e-01 0.000000000000000000e+00 -9.353843749230303928e-01 3.647597363469266551e-01 9.311016779815836086e-01 0.000000000000000000e+00 9.082083088942132232e-01 0.000000000000000000e+00 0.000000000000000000e+00 1.000000000000000000e+00 0.000000000000000000e+00
9.295302393160245202e-01 -3.687458938037061484e-01 0.000000000000000000e+00 -9.821819186640166066e-01 3.687458938037061484e-01 9.295302393160245202e-01 0.000000000000000000e+00 1.350772174348644050e+00 0.000000000000000000e+00 0.000000000000000000e+00 1.000000000000000000e+00 0.000000000000000000e+00
9.200996769909093320e-01 -3.916842917468408847e-01 0.000000000000000000e+00 -1.154679283120678246e+00 3.916842917468408847e-01 9.200996769909093320e-01 0.000000000000000000e+00 1.903682201393120055e+00 0.000000000000000000e+00 0.000000000000000000e+00 1.000000000000000000e+00 0.000000000000000000e+00
-9.259694975400587502e-01 3.775983178265114870e-01 0.000000000000000000e+00 -1.117024655134710498e+00 -3.775983178265114870e-01 -9.259694975400587502e-01 0.000000000000000000e+00 1.742432674153012062e+00 0.000000000000000000e+00 0.000000000000000000e+00 1.000000000000000000e+00 0.000000000000000000e+00
8.467452528222969566e-01 -5.319985684406532966e-01 0.000000000000000000e+00 -1.521508618430772897e+00 5.319985684406532966e-01 8.467452528222969566e-01 0.000000000000000000e+00 2.374925211084666365e+00 0.000000000000000000e+00 0.000000000000000000e+00 1.000000000000000000e+00 0.000000000000000000e+00
7.335216502061150390e-01 -6.796660861620931193e-01 0.000000000000000000e+00 -1.817074705986701399e+00 6.796660861620931193e-01 7.335216502061150390e-01 0.000000000000000000e+00 2.718353984979683169e+00 0.000000000000000000e+00 0.000000000000000000e+00 1.000000000000000000e+00 0.000000000000000000e+00
6.637615704491474089e-01 -7.479442342814612843e-01 0.000000000000000000e+00 -2.121027582730454775e+00 7.479442342814612843e-01 6.637615704491474089e-01 0.000000000000000000e+00 3.204387037239761149e+00 0.000000000000000000e+00 0.000000000000000000e+00 1.000000000000000000e+00 0.000000000000000000e+00
5.819298475524659064e-01 -8.132389885682829167e-01 0.000000000000000000e+00 -2.471607540754669596e+00 8.132389885682829167e-01 5.819298475524659064e-01 0.000000000000000000e+00 3.636984466600204691e+00 0.000000000000000000e+00 0.000000000000000000e+00 1.000000000000000000e+00 0.000000000000000000e+00
5.347253778816907221e-01 -8.450258991588855961e-01 0.000000000000000000e+00 -2.919711649562233280e+00 8.450258991588855961e-01 5.347253778816907221e-01 0.000000000000000000e+00 3.857896507737038405e+00 0.000000000000000000e+00 0.000000000000000000e+00 1.000000000000000000e+00 0.000000000000000000e+00
5.145882148987565019e-01 -8.574374432501249421e-01 0.000000000000000000e+00 -3.274010813906929052e+00 8.574374432501249421e-01 5.145882148987565019e-01 0.000000000000000000e+00 4.036048255512224792e+00 0.000000000000000000e+00 0.000000000000000000e+00 1.000000000000000000e+00 0.000000000000000000e+00
4.120293493837797749e-01 -9.111705741771839451e-01 0.000000000000000000e+00 -3.651453623127674852e+00 9.111705741771839451e-01 4.120293493837797749e-01 0.000000000000000000e+00 4.520536220515506187e+00 0.000000000000000000e+00 0.000000000000000000e+00 1.000000000000000000e+00 0.000000000000000000e+00
3.020056190331159018e-01 -9.533061449882846983e-01 0.000000000000000000e+00 -4.110783305176525460e+00 9.533061449882846983e-01 3.020056190331159018e-01 0.000000000000000000e+00 4.680154427709632081e+00 0.000000000000000000e+00 0.000000000000000000e+00 1.000000000000000000e+00 0.000000000000000000e+00
2.843228402983550285e-01 -9.587285968847889528e-01 0.000000000000000000e+00 -4.661799067852839151e+00 9.587285968847889528e-01 2.843228402983550285e-01 0.000000000000000000e+00 4.896575584714419449e+00 0.000000000000000000e+00 0.000000000000000000e+00 1.000000000000000000e+00 0.000000000000000000e+00
2.124782215475559399e-01 -9.771658023938352144e-01 0.000000000000000000e+00 -5.068254302803840261e+00 9.771658023938352144e-01 2.124782215475559399e-01 0.000000000000000000e+00 5.116609589143474857e+00 0.000000000000000000e+00 0.000000000000000000e+00 1.000000000000000000e+00 0.000000000000000000e+00
2.484226859878896077e-01 -9.686517274472608019e-01 0.000000000000000000e+00 -5.551975517938000593e+00 9.686517274472608019e-01 2.484226859878896077e-01 0.000000000000000000e+00 5.145849840943951037e+00 0.000000000000000000e+00 0.000000000000000000e+00 1.000000000000000000e+00 0.000000000000000000e+00
6.058751841333254173e-02 -9.981628888175085867e-01 0.000000000000000000e+00 -5.999132725511362452e+00 9.981628888175085867e-01 6.058751841333254173e-02 0.000000000000000000e+00 5.316358117794520055e+00 0.000000000000000000e+00 0.000000000000000000e+00 1.000000000000000000e+00 0.000000000000000000e+00
1.666529515854759877e-02 -9.998611243254127423e-01 0.000000000000000000e+00 -6.260371085915663159e+00 9.998611243254127423e-01 1.666529515854759877e-02 0.000000000000000000e+00 5.466626241656774354e+00 0.000000000000000000e+00 0.000000000000000000e+00 1.000000000000000000e+00 0.000000000000000000e+00
-8.743918750047709187e-02 -9.961698592555671139e-01 0.000000000000000000e+00 -6.660165062116099932e+00 9.961698592555671139e-01 -8.743918750047709187e-02 0.000000000000000000e+00 5.377058258403568658e+00 0.000000000000000000e+00 0.000000000000000000e+00 1.000000000000000000e+00 0.000000000000000000e+00
-1.802002169963278777e-01 -9.836299516558431044e-01 0.000000000000000000e+00 -7.191270953367097540e+00 9.836299516558431044e-01 -1.802002169963278777e-01 0.000000000000000000e+00 5.544644587082776965e+00 0.000000000000000000e+00 0.000000000000000000e+00 1.000000000000000000e+00 0.000000000000000000e+00
-2.998538304383256414e-01 -9.539851573119279005e-01 0.000000000000000000e+00 -7.775402749278766734e+00 9.539851573119279005e-01 -2.998538304383256414e-01 0.000000000000000000e+00 5.466259314567047056e+00 0.000000000000000000e+00 0.000000000000000000e+00 1.000000000000000000e+00 0.000000000000000000e+00
-3.833682766119564378e-01 -9.235955632675908467e-01 0.000000000000000000e+00 -8.120474797539767309e+00 9.235955632675908467e-01 -3.833682766119564378e-01 0.000000000000000000e+00 5.280676123600972716e+00 0.000000000000000000e+00 0.000000000000000000e+00 1.000000000000000000e+00 0.000000000000000000e+00
-7.239583864494592014e-01 -6.898436451033636008e-01 0.000000000000000000e+00 -8.613919685123256897e+00 6.898436451033636008e-01 -7.239583864494592014e-01 0.000000000000000000e+00 5.059670702457594871e+00 0.000000000000000000e+00 0.000000000000000000e+00 1.000000000000000000e+00 0.000000000000000000e+00
-7.971889309711427396e-01 -6.037299134025798653e-01 0.000000000000000000e+00 -8.905817821938429191e+00 6.037299134025798653e-01 -7.971889309711427396e-01 0.000000000000000000e+00 4.805214942256985644e+00 0.000000000000000000e+00 0.000000000000000000e+00 1.000000000000000000e+00 0.000000000000000000e+00
5.411519569376795902e-01 -8.409248239304865091e-01 0.000000000000000000e+00 -8.773766323303883397e+00 8.409248239304865091e-01 5.411519569376795902e-01 0.000000000000000000e+00 4.849056667037404011e+00 0.000000000000000000e+00 0.000000000000000000e+00 1.000000000000000000e+00 0.000000000000000000e+00
-9.871748491569822814e-01 -1.596427799554030191e-01 0.000000000000000000e+00 -8.860870082493573108e+00 1.596427799554030191e-01 -9.871748491569822814e-01 0.000000000000000000e+00 4.463951850715313974e+00 0.000000000000000000e+00 0.000000000000000000e+00 1.000000000000000000e+00 0.000000000000000000e+00
-9.835086085155111402e-01 1.808613197338863054e-01 0.000000000000000000e+00 -8.940200965579903070e+00 -1.808613197338863054e-01 -9.835086085155111402e-01 0.000000000000000000e+00 4.112399237600138591e+00 0.000000000000000000e+00 0.000000000000000000e+00 1.000000000000000000e+00 0.000000000000000000e+00
-8.736085312768661071e-01 4.866293600680879905e-01 0.000000000000000000e+00 -8.842585182871163241e+00 -4.866293600680879905e-01 -8.736085312768661071e-01 0.000000000000000000e+00 3.626541546812820815e+00 0.000000000000000000e+00 0.000000000000000000e+00 1.000000000000000000e+00 0.000000000000000000e+00
-6.167866520037160738e-01 7.871303741503353768e-01 0.000000000000000000e+00 -8.499593631900152602e+00 -7.871303741503353768e-01 -6.167866520037160738e-01 0.000000000000000000e+00 3.286729638683281163e+00 0.000000000000000000e+00 0.000000000000000000e+00 1.000000000000000000e+00 0.000000000000000000e+00
-3.431419016019620072e-01 9.392835755856637769e-01 0.000000000000000000e+00 -8.007528674992968831e+00 -9.392835755856637769e-01 -3.431419016019620072e-01 0.000000000000000000e+00 3.203560962189668793e+00 0.000000000000000000e+00 0.000000000000000000e+00 1.000000000000000000e+00 0.000000000000000000e+00
-1.525803291201730250e-01 9.882910720863462561e-01 0.000000000000000000e+00 -7.395587253714203335e+00 -9.882910720863462561e-01 -1.525803291201730250e-01 0.000000000000000000e+00 3.025291972234659177e+00 0.000000000000000000e+00 0.000000000000000000e+00 1.000000000000000000e+00 0.000000000000000000e+00
1.102000148169811206e-01 9.939094308508885645e-01 0.000000000000000000e+00 -6.856122148669906657e+00 -9.939094308508885645e-01 1.102000148169811206e-01 0.000000000000000000e+00 3.045328156411048148e+00 0.000000000000000000e+00 0.000000000000000000e+00 1.000000000000000000e+00 0.000000000000000000e+00
4.481955827761752165e-01 8.939355231670372826e-01 0.000000000000000000e+00 -6.610180143309204226e+00 -8.939355231670372826e-01 4.481955827761752165e-01 0.000000000000000000e+00 3.311625545630569878e+00 0.000000000000000000e+00 0.000000000000000000e+00 1.000000000000000000e+00 0.000000000000000000e+00
7.395202284923629854e-01 6.731343340304394296e-01 0.000000000000000000e+00 -6.311605357651229653e+00 -6.731343340304394296e-01 7.395202284923629854e-01 0.000000000000000000e+00 3.709064452921592370e+00 0.000000000000000000e+00 0.000000000000000000e+00 1.000000000000000000e+00 0.000000000000000000e+00
-9.383114947858205435e-01 -3.457911779568689781e-01 0.000000000000000000e+00 -6.009768365994899497e+00 3.457911779568689781e-01 -9.383114947858205435e-01 0.000000000000000000e+00 4.068625347379579260e+00 0.000000000000000000e+00 0.000000000000000000e+00 1.000000000000000000e+00 0.000000000000000000e+00
-9.959119568944926337e-01 -9.032925392464055681e-02 0.000000000000000000e+00 -5.980684249904257399e+00 9.032925392464055681e-02 -9.959119568944926337e-01 0.000000000000000000e+00 4.778761198555778300e+00 0.000000000000000000e+00 0.000000000000000000e+00 1.000000000000000000e+00 0.000000000000000000e+00
-9.614717413044612249e-01 2.749037843918618051e-01 0.000000000000000000e+00 -6.125498369678489041e+00 -2.749037843918618051e-01 -9.614717413044612249e-01 0.000000000000000000e+00 5.231327560175828673e+00 0.000000000000000000e+00 0.000000000000000000e+00 1.000000000000000000e+00 0.000000000000000000e+00
-8.367275034776416875e-01 5.476194709139486916e-01 0.000000000000000000e+00 -6.172732746650158475e+00 -5.476194709139486916e-01 -8.367275034776416875e-01 0.000000000000000000e+00 5.763532995537462789e+00 0.000000000000000000e+00 0.000000000000000000e+00 1.000000000000000000e+00 0.000000000000000000e+00
-6.352331491507112737e-01 7.723204297570213095e-01 0.000000000000000000e+00 -6.448152009134692442e+00 -7.723204297570213095e-01 -6.352331491507112737e-01 0.000000000000000000e+00 6.039838686916766619e+00 0.000000000000000000e+00 0.000000000000000000e+00 1.000000000000000000e+00 0.000000000000000000e+00
-2.769443899053345426e-01 9.608859479147158211e-01 0.000000000000000000e+00 -6.912325846119578898e+00 -9.608859479147158211e-01 -2.769443899053345426e-01 0.000000000000000000e+00 6.325301885802273816e+00 0.000000000000000000e+00 0.000000000000000000e+00 1.000000000000000000e+00 0.000000000000000000e+00
2.019622004305325277e-02 9.997960355472372829e-01 0.000000000000000000e+00 -7.269266633328683724e+00 -9.997960355472372829e-01 2.019622004305325277e-02 0.000000000000000000e+00 6.489850198607325815e+00 0.000000000000000000e+00 0.000000000000000000e+00 1.000000000000000000e+00 0.000000000000000000e+00
5.677471795187764014e-01 8.232029762752770541e-01 0.000000000000000000e+00 -7.690166507902140403e+00 -8.232029762752770541e-01 5.677471795187764014e-01 0.000000000000000000e+00 6.409639718483971293e+00 0.000000000000000000e+00 0.000000000000000000e+00 1.000000000000000000e+00 0.000000000000000000e+00
8.079232833296293714e-01 5.892876786883224360e-01 0.000000000000000000e+00 -8.050578581010265466e+00 -5.892876786883224360e-01 8.079232833296293714e-01 0.000000000000000000e+00 6.228881462988733020e+00 0.000000000000000000e+00 0.000000000000000000e+00 1.000000000000000000e+00 0.000000000000000000e+00
9.181723748338410651e-01 3.961811329328853160e-01 0.000000000000000000e+00 -8.177603656460927795e+00 -3.961811329328853160e-01 9.181723748338410651e-01 0.000000000000000000e+00 5.890876554222191253e+00 0.000000000000000000e+00 0.000000000000000000e+00 1.000000000000000000e+00 0.000000000000000000e+00
9.959235242734588711e-01 9.020162858138026929e-02 0.000000000000000000e+00 -8.166383814157100574e+00 -9.020162858138026929e-02 9.959235242734588711e-01 0.000000000000000000e+00 5.915904863293645732e+00 0.000000000000000000e+00 0.000000000000000000e+00 1.000000000000000000e+00 0.000000000000000000e+00
9.915531421796195399e-01 1.297010648904753094e-01 0.000000000000000000e+00 -8.215076745196242314e+00 -1.297010648904753094e-01 9.915531421796195399e-01 0.000000000000000000e+00 5.413479993682595470e+00 0.000000000000000000e+00 0.000000000000000000e+00 1.000000000000000000e+00 0.000000000000000000e+00
9.999964087322974482e-01 -2.680022855842076682e-03 0.000000000000000000e+00 -8.314669887429738893e+00 2.680022855842076682e-03 9.999964087322974482e-01 0.000000000000000000e+00 4.907627194120403047e+00 0.000000000000000000e+00 0.000000000000000000e+00 1.000000000000000000e+00 0.000000000000000000e+00
9.848927100681301727e-01 -1.731656711206180366e-01 0.000000000000000000e+00 -8.254048315768832467e+00 1.731656711206180366e-01 9.848927100681301727e-01 0.000000000000000000e+00 4.406293217475094615e+00 0.000000000000000000e+00 0.000000000000000000e+00 1.000000000000000000e+00 0.000000000000000000e+00
9.623625280900157675e-01 -2.717689543126541873e-01 0.000000000000000000e+00 -8.171218957331447541e+00 2.717689543126541873e-01 9.623625280900157675e-01 0.000000000000000000e+00 4.008475926894235819e+00 0.000000000000000000e+00 0.000000000000000000e+00 1.000000000000000000e+00 0.000000000000000000e+00
9.337239675186883581e-01 -3.579937883276181898e-01 0.000000000000000000e+00 -8.019037745484300928e+00 3.579937883276181898e-01 9.337239675186883581e-01 0.000000000000000000e+00 3.450539777266843355e+00 0.000000000000000000e+00 0.000000000000000000e+00 1.000000000000000000e+00 0.000000000000000000e+00
9.607429575723064330e-01 -2.774400286101797453e-01 0.000000000000000000e+00 -7.802961597394594939e+00 2.774400286101797453e-01 9.607429575723064330e-01 0.000000000000000000e+00 2.873559576629796997e+00 0.000000000000000000e+00 0.000000000000000000e+00 1.000000000000000000e+00 0.000000000000000000e+00
9.518587202520012447e-01 -3.065370722771103562e-01 0.000000000000000000e+00 -7.527277064532749584e+00 3.065370722771103562e-01 9.518587202520012447e-01 0.000000000000000000e+00 2.219350389365176923e+00 0.000000000000000000e+00 0.000000000000000000e+00 1.000000000000000000e+00 0.000000000000000000e+00
9.301243901740410269e-01 -3.672446307345667016e-01 0.000000000000000000e+00 -7.367055588491020046e+00 3.672446307345667016e-01 9.301243901740410269e-01 0.000000000000000000e+00 1.807257032061944768e+00 0.000000000000000000e+00 0.000000000000000000e+00 1.000000000000000000e+00 0.000000000000000000e+00
8.619552883814962652e-01 -5.069843003793822467e-01 0.000000000000000000e+00 -7.146759368220610753e+00 5.069843003793822467e-01 8.619552883814962652e-01 0.000000000000000000e+00 1.275341367200653275e+00 0.000000000000000000e+00 0.000000000000000000e+00 1.000000000000000000e+00 0.000000000000000000e+00
8.991077966904296170e-01 -4.377272780287756460e-01 0.000000000000000000e+00 -6.850890567124466202e+00 4.377272780287756460e-01 8.991077966904296170e-01 0.000000000000000000e+00 7.063567334279718946e-01 0.000000000000000000e+00 0.000000000000000000e+00 1.000000000000000000e+00 0.000000000000000000e+00
9.377093805053716702e-01 -3.474206639108158301e-01 0.000000000000000000e+00 -6.595912681625343943e+00 3.474206639108158301e-01 9.377093805053716702e-01 0.000000000000000000e+00 3.275317960078779622e-01 0.000000000000000000e+00 0.000000000000000000e+00 1.000000000000000000e+00 0.000000000000000000e+00
9.366040213806980930e-01 -3.503896504372022713e-01 0.000000000000000000e+00 -6.452582075916595272e+00 3.503896504372022713e-01 9.366040213806980930e-01 0.000000000000000000e+00 -2.198302041167222720e-01 0.000000000000000000e+00 0.000000000000000000e+00 1.000000000000000000e+00 0.000000000000000000e+00
8.885016628807397288e-01 -4.588733976361675237e-01 0.000000000000000000e+00 -6.268690770684933078e+00 4.588733976361675237e-01 8.885016628807397288e-01 0.000000000000000000e+00 -6.134449051821175836e-01 0.000000000000000000e+00 0.000000000000000000e+00 1.000000000000000000e+00 0.000000000000000000e+00
8.594531895986275982e-01 -5.112144509780073287e-01 0.000000000000000000e+00 -5.996599859457965920e+00 5.112144509780073287e-01 8.594531895986275982e-01 0.000000000000000000e+00 -1.198159869823755219e+00 0.000000000000000000e+00 0.000000000000000000e+00 1.000000000000000000e+00 0.000000000000000000e+00
7.265566076186804612e-01 -6.871066117609659907e-01 0.000000000000000000e+00 -5.903739230699734719e+00 6.871066117609659907e-01 7.265566076186804612e-01 0.000000000000000000e+00 -1.785583724257111093e+00 0.000000000000000000e+00 0.000000000000000000e+00 1.000000000000000000e+00 0.000000000000000000e+00
7.596651967054791621e-01 -6.503143769857973044e-01 0.000000000000000000e+00 -5.504851924907532279e+00 6.503143769857973044e-01 7.596651967054791621e-01 0.000000000000000000e+00 -2.193435455509494147e+00 0.000000000000000000e+00 0.000000000000000000e+00 1.000000000000000000e+00 0.000000000000000000e+00
8.602032914660937557e-01 -5.099512695845540566e-01 0.000000000000000000e+00 -5.111654316756418126e+00 5.099512695845540566e-01 8.602032914660937557e-01 0.000000000000000000e+00 -2.605321374432566284e+00 0.000000000000000000e+00 0.000000000000000000e+00 1.000000000000000000e+00 0.000000000000000000e+00
7.940440902387774225e-01 -6.078601671082521918e-01 0.000000000000000000e+00 -4.724702778295175598e+00 6.078601671082521918e-01 7.940440902387774225e-01 0.000000000000000000e+00 -3.217728231922593274e+00 0.000000000000000000e+00 0.000000000000000000e+00 1.000000000000000000e+00 0.000000000000000000e+00
7.698467171433069911e-01 -6.382288242501064079e-01 0.000000000000000000e+00 -4.300662880014917810e+00 6.382288242501064079e-01 7.698467171433069911e-01 0.000000000000000000e+00 -3.448305650411594314e+00 0.000000000000000000e+00 0.000000000000000000e+00 1.000000000000000000e+00 0.000000000000000000e+00
6.758331581476700878e-01 -7.370546400017751187e-01 0.000000000000000000e+00 -4.347263395612362302e+00 7.370546400017751187e-01 6.758331581476700878e-01 0.000000000000000000e+00 -3.494897509517274514e+00 0.000000000000000000e+00 0.000000000000000000e+00 1.000000000000000000e+00 0.000000000000000000e+00
6.151242990217022921e-01 -7.884301470346370966e-01 0.000000000000000000e+00 -3.912844189838376785e+00 7.884301470346370966e-01 6.151242990217022921e-01 0.000000000000000000e+00 -3.743932577929240946e+00 0.000000000000000000e+00 0.000000000000000000e+00 1.000000000000000000e+00 0.000000000000000000e+00
5.032825949499168949e-01 -8.641218835444904878e-01 0.000000000000000000e+00 -3.473480060847006001e+00 8.641218835444904878e-01 5.032825949499168949e-01 0.000000000000000000e+00 -3.763333418104903849e+00 0.000000000000000000e+00 0.000000000000000000e+00 1.000000000000000000e+00 0.000000000000000000e+00
3.215663911782641327e-01 -9.468870344790806248e-01 0.000000000000000000e+00 -3.008430354526621109e+00 9.468870344790806248e-01 3.215663911782641327e-01 0.000000000000000000e+00 -3.808521218615304349e+00 0.000000000000000000e+00 0.000000000000000000e+00 1.000000000000000000e+00 0.000000000000000000e+00
1.025407682124706704e-01 -9.947288026665339622e-01 0.000000000000000000e+00 -2.524081183972155973e+00 9.947288026665339622e-01 1.025407682124706704e-01 0.000000000000000000e+00 -3.931071189195662896e+00 0.000000000000000000e+00 0.000000000000000000e+00 1.000000000000000000e+00 0.000000000000000000e+00
-6.371891091129865126e-02 -9.979678854513696074e-01 0.000000000000000000e+00 -2.198372967107423470e+00 9.979678854513696074e-01 -6.371891091129865126e-02 0.000000000000000000e+00 -3.747226981957219483e+00 0.000000000000000000e+00 0.000000000000000000e+00 1.000000000000000000e+00 0.000000000000000000e+00
-2.034856909077237819e-01 -9.790779200838951590e-01 0.000000000000000000e+00 -1.842641141182838505e+00 9.790779200838951590e-01 -2.034856909077237819e-01 0.000000000000000000e+00 -3.607455052687098096e+00 0.000000000000000000e+00 0.000000000000000000e+00 1.000000000000000000e+00 0.000000000000000000e+00
-3.915155735370779988e-01 -9.201714816695488741e-01 0.000000000000000000e+00 -1.533721892866411363e+00 9.201714816695488741e-01 -3.915155735370779988e-01 0.000000000000000000e+00 -3.545779056115202721e+00 0.000000000000000000e+00 0.000000000000000000e+00 1.000000000000000000e+00 0.000000000000000000e+00
-5.747471264335615171e-01 -8.183310703232302696e-01 0.000000000000000000e+00 -1.169644471989587764e+00 8.183310703232302696e-01 -5.747471264335615171e-01 0.000000000000000000e+00 -3.261006964350776638e+00 0.000000000000000000e+00 0.000000000000000000e+00 1.000000000000000000e+00 0.000000000000000000e+00
-6.634079273361818130e-01 -7.482579247475507067e-01 0.000000000000000000e+00 -8.700255749751337753e-01 7.482579247475507067e-01 -6.634079273361818130e-01 0.000000000000000000e+00 -3.066689564590505235e+00 0.000000000000000000e+00 0.000000000000000000e+00 1.000000000000000000e+00 0.000000000000000000e+00
7.544592954425818343e-01 6.563468378230239431e-01 0.000000000000000000e+00 -5.471564969006870172e-01 -6.563468378230239431e-01 7.544592954425818343e-01 0.000000000000000000e+00 -2.708164568088059720e+00 0.000000000000000000e+00 0.000000000000000000e+00 1.000000000000000000e+00 0.000000000000000000e+00
8.047419023861739351e-01 5.936248567436185342e-01 0.000000000000000000e+00 -3.434220226048296798e-01 -5.936248567436185342e-01 8.047419023861739351e-01 0.000000000000000000e+00 -2.348380763324439346e+00 0.000000000000000000e+00 0.000000000000000000e+00 1.000000000000000000e+00 0.000000000000000000e+00
8.415040363397416900e-01 5.402508276938802201e-01 0.000000000000000000e+00 -9.586760297544083542e-02 -5.402508276938802201e-01 8.415040363397416900e-01 0.000000000000000000e+00 -1.932978585007661954e+00 0.000000000000000000e+00 0.000000000000000000e+00 1.000000000000000000e+00 0.000000000000000000e+00
9.064924316222916501e-01 4.222220640983900264e-01 0.000000000000000000e+00 1.559119272731952499e-01 -4.222220640983900264e-01 9.064924316222916501e-01 0.000000000000000000e+00 -1.394532319207165250e+00 0.000000000000000000e+00 0.000000000000000000e+00 1.000000000000000000e+00 0.000000000000000000e+00
9.834978247138252971e-01 1.809199513132086490e-01 0.000000000000000000e+00 1.509825401864226535e-01 -1.809199513132086490e-01 9.834978247138252971e-01 0.000000000000000000e+00 -1.129144334139119188e+00 0.000000000000000000e+00 0.000000000000000000e+00 1.000000000000000000e+00 0.000000000000000000e+00
9.999226138162545796e-01 1.244051360955229259e-02 0.000000000000000000e+00 1.263887876571825331e-01 -1.244051360955229259e-02 9.999226138162545796e-01 0.000000000000000000e+00 -7.458924462868328220e-01 0.000000000000000000e+00 0.000000000000000000e+00 1.000000000000000000e+00 0.000000000000000000e+00
9.805426253934431680e-01 -1.963062907462056750e-01 0.000000000000000000e+00 -1.105838531801879299e-01 1.963062907462056750e-01 9.805426253934431680e-01 0.000000000000000000e+00 -1.908232783404968380e-01 0.000000000000000000e+00 0.000000000000000000e+00 1.000000000000000000e+00 0.000000000000000000e+00
9.619947347714508101e-01 -2.730679956933912966e-01 0.000000000000000000e+00 -2.356769205214952478e-01 2.730679956933912966e-01 9.619947347714508101e-01 0.000000000000000000e+00 4.034186786433209271e-01 0.000000000000000000e+00 0.000000000000000000e+00 1.000000000000000000e+00 0.000000000000000000e+00
9.265929156694187041e-01 -3.760659099562808638e-01 0.000000000000000000e+00 -2.537325994961860953e-01 3.760659099562808638e-01 9.265929156694187041e-01 0.000000000000000000e+00 6.668888661819343255e-01 0.000000000000000000e+00 0.000000000000000000e+00 1.000000000000000000e+00 0.000000000000000000e+00
-8.743014560843721528e-01 4.853833164507683762e-01 0.000000000000000000e+00 -6.307497207034629128e-01 -4.853833164507683762e-01 -8.743014560843721528e-01 0.000000000000000000e+00 1.072085979503786035e+00 0.000000000000000000e+00 0.000000000000000000e+00 1.000000000000000000e+00 0.000000000000000000e+00
